NAME : instanciasCVRP/vrpnc4.txt
TYPE : TSP
COMMENT : instanciasCVRP/vrpnc4.txt (S.Eilon, C.D.T.Watson-Gandy and N.Christofides)
DIMENSION : 151
EDGE_WEIGHT_TYPE : EUC_2D
NODE_COORD_SECTION
0 35 35
1 41 49
2 35 17
3 55 45
4 55 20
5 15 30
6 25 30
7 20 50
8 10 43
9 55 60
10 30 60
11 20 65
12 50 35
13 30 25
14 15 10
15 30 5
16 10 20
17 5 30
18 20 40
19 15 60
20 45 65
21 45 20
22 45 10
23 55 5
24 65 35
25 65 20
26 45 30
27 35 40
28 41 37
29 64 42
30 40 60
31 31 52
32 35 69
33 53 52
34 65 55
35 63 65
36 2 60
37 20 20
38 5 5
39 60 12
40 40 25
41 42 7
42 24 12
43 23 3
44 11 14
45 6 38
46 2 48
47 8 56
48 13 52
49 6 68
50 47 47
51 49 58
52 27 43
53 37 31
54 57 29
55 63 23
56 53 12
57 32 12
58 36 26
59 21 24
60 17 34
61 12 24
62 24 58
63 27 69
64 15 77
65 62 77
66 49 73
67 67 5
68 56 39
69 37 47
70 37 56
71 57 68
72 47 16
73 44 17
74 46 13
75 49 11
76 49 42
77 53 43
78 61 52
79 57 48
80 56 37
81 55 54
82 15 47
83 14 37
84 11 31
85 16 22
86 4 18
87 28 18
88 26 52
89 26 35
90 31 67
91 15 19
92 22 22
93 18 24
94 26 27
95 25 24
96 22 27
97 25 21
98 19 21
99 20 26
100 18 18
101 37 52
102 49 49
103 52 64
104 20 26
105 40 30
106 21 47
107 17 63
108 31 62
109 52 33
110 51 21
111 42 41
112 31 32
113 5 25
114 12 42
115 36 16
116 52 41
117 27 23
118 17 33
119 13 13
120 57 58
121 62 42
122 42 57
123 16 57
124 8 52
125 7 38
126 27 68
127 30 48
128 43 67
129 58 48
130 58 27
131 37 69
132 38 46
133 46 10
134 61 33
135 62 63
136 63 69
137 32 22
138 45 35
139 59 15
140 5 6
141 10 17
142 21 10
143 5 64
144 30 15
145 39 10
146 32 39
147 25 32
148 25 55
149 48 28
150 56 37
EOF
