A	B	C	D	E	F
vrpnc1	578.4	10.2533310459198	8.64869932417586	568	1
vrpnc2	925.6	10.8157938845389	14.5876660230484	907	1
vrpnc3	938.8	13.6369138402692	11.0317722964173	928	1
vrpnc4	1233.2	19.9120981700084	21.1943388667823	1204	1
vrpnc5	1625.4	25.8741258741259	20.2188031297602	1602	1
vrpnc6	622.2	12.0213168176008	22.5432916851111	602	1
vrpnc7	1043.2	14.6776888576203	18.3084679861533	1013	1
vrpnc8	1005.6	16.1281382081899	12.5019998400256	989	1
vrpnc9	1388.4	19.4271214141327	8.5615419172016	1377	1
vrpnc10	1733.2	24.1680696349894	19.929877069365	1711	1
vrpnc11	1146.6	10.0267726055791	24.7042506463969	1122	1
vrpnc12	851.4	3.88501146956904	7.23187389270582	843	1
vrpnc13	1636.8	6.20709345030301	11.6704755687161	1621	1
vrpnc14	919.6	6.14402622436142	5.27257053058563	913	1
