NA	NA	NA	NA	NA	NA
vrpnc1	524.61	6.36472808371933	8.27090600636663	0	1.8012622
vrpnc2	835.26	6.43392476594115	8.58894236525154	0	3.1302684
vrpnc3	826.14	4.9458929479265	12.3296293606411	1	5.9422058
vrpnc4	1028.42	7.5436105871142	17.0727912720484	2	13.5174736
vrpnc5	1291.29	5.16615167777959	24.0619845271008	11.4	30.6221452
vrpnc6	555.43	8.20445420665071	8.38449489584647	0	1.300886
vrpnc7	909.68	6.7408319409023	11.3578401196025	0.6	2.3133066
vrpnc8	865.94	3.81781647689216	14.2111462687946	3.4	5.524453
vrpnc9	1162.55	10.9629693346523	18.4465184293149	4.8	9.050009
vrpnc10	1395.85	7.10319876777591	22.5776408639897	8	21.2127416
NA	NA	NA	NA	NA	NA
NA	NA	NA	NA	NA	NA
NA	NA	NA	NA	NA	NA
NA	NA	NA	NA	NA	NA
